NO STOP POST, PADDING -1
acc: [0.8, 0.7333333333333333, 0.7884615384615384, 0.7884615384615384, 0.8173076923076923, 0.7307692307692307, 0.8365384615384616, 0.7980769230769231, 0.8076923076923077, 0.7980769230769231]
mcc: [0.5892556509887895, 0.5320630820971465, 0.5672707520695194, 0.5672707520695194, 0.6453752038078808, 0.4484848484848485, 0.6645209764599551, 0.5877266264654731, 0.6041332291186652, 0.5877266264654731]
f1: [0.8292682926829269, 0.7142857142857143, 0.8166666666666667, 0.8166666666666667, 0.8288288288288289, 0.7666666666666667, 0.8661417322834646, 0.8235294117647058, 0.8360655737704918, 0.8235294117647058]
gm: [0.7895146188218007, 0.7378647873726218, 0.7804098589988461, 0.7804098589988461, 0.8243454703857204, 0.7229988054812212, 0.816496580927726, 0.7943932313788972, 0.7984359711335656, 0.7943932313788972]

STOP POST, PADDING -1
acc: [0.7523809523809524, 0.7428571428571429, 0.7596153846153846, 0.7980769230769231, 0.7403846153846154, 0.7403846153846154, 0.8365384615384616, 0.7596153846153846, 0.7788461538461539, 0.7307692307692307]
mcc: [0.5014858873767987, 0.4844240566555986, 0.5150762664099506, 0.5898946767426365, 0.4737860014827989, 0.46412873088197526, 0.6633249580710799, 0.502518907629606, 0.5484441270101973, 0.44312936752559784]
f1: [0.7758620689655172, 0.7652173913043478, 0.782608695652174, 0.8205128205128206, 0.7692307692307692, 0.7804878048780488, 0.8640000000000001, 0.8, 0.8067226890756303, 0.7741935483870969]
gm: [0.752772652709081, 0.74436152108641, 0.759125277171481, 0.7954673856179906, 0.7385489458759964, 0.7261354744623949, 0.8215838362577492, 0.7411089152360969, 0.7745966692414834, 0.7135060680126758]

NO STOP PRE, PADDING -1
acc: [0.7714285714285715, 0.6857142857142857, 0.8076923076923077, 0.7980769230769231, 0.8076923076923077, 0.7115384615384616, 0.8173076923076923, 0.7692307692307693, 0.7884615384615384, 0.7884615384615384]
mcc: [0.5400617248673216, 0.3510058805848247, 0.608286252354049, 0.586099173395266, 0.6126374746329801, 0.4129673131452531, 0.6257438010869807, 0.5272727272727272, 0.5627335809921603, 0.5697140305434514]
f1: [0.793103448275862, 0.736, 0.8305084745762712, 0.8292682926829269, 0.8275862068965518, 0.7457627118644068, 0.8527131782945736, 0.8000000000000002, 0.8253968253968254, 0.8135593220338982]
gm: [0.7722022379508469, 0.6655546280831972, 0.8037107911317007, 0.7840212149787296, 0.8090398349558905, 0.7071067811865475, 0.7905694150420948, 0.7627700713964739, 0.7687061147858074, 0.7862453931068965]

STOP PRE, PADDING -1
acc: [0.7619047619047619, 0.7047619047619048, 0.7884615384615384, 0.7884615384615384, 0.8269230769230769, 0.7115384615384616, 0.8173076923076923, 0.7980769230769231, 0.75, 0.7596153846153846]
mcc: [0.5153323472772998, 0.39283710065919303, 0.5910445573326557, 0.5672707520695194, 0.6516780980164544, 0.4058066640039518, 0.6231234454607114, 0.5845556015217617, 0.49551560448255744, 0.5128921476369347]
f1: [0.7899159663865546, 0.7479674796747968, 0.7962962962962963, 0.8166666666666667, 0.8448275862068966, 0.7540983606557377, 0.848, 0.8372093023255814, 0.7758620689655172, 0.7863247863247863]
gm: [0.7579211333934714, 0.6906786785742246, 0.7947568295265515, 0.7804098589988461, 0.8286992362989266, 0.698483205151554, 0.8015137194235932, 0.7701829770787058, 0.75, 0.7582875444051551]

p-value (no-stop-signal vs. stop-signal, post-padding, -1 padding): 0.16015625 stats: 13.0 
p-value (no-stop-signal vs. stop-signal, pre-padding, -1 padding): 0.625 stats: 22.0 
p-value (no stop post vs pre, -1 padding): 0.375 stats: 18.0
p-value ( stop post vs pre, -1 padding): 1.0 stats: 27.0


NO STOP POST, PADDING 0
acc: [0.780952380952381, 0.7714285714285715, 0.7788461538461539, 0.8076923076923077, 0.7211538461538461, 0.6538461538461539, 0.7980769230769231, 0.8076923076923077, 0.7596153846153846, 0.7596153846153846]
mcc: [0.549154361560129, 0.555986701388812, 0.5580028957258358, 0.6066803433956582, 0.4393860490196373, 0.2954072750966044, 0.5852206094918823, 0.6060606060606061, 0.502518907629606, 0.5173658256374569]
f1: [0.816, 0.7818181818181817, 0.7964601769911505, 0.8333333333333333, 0.7478260869565218, 0.6949152542372882, 0.8264462809917356, 0.8333333333333334, 0.8, 0.7826086956521738]
gm: [0.7652160188832664, 0.7779364917428576, 0.7811334658849433, 0.8001883017561678, 0.7219502207300177, 0.6475478220318418, 0.7905694150420949, 0.8024583440524461, 0.7411089152360969, 0.7612788283838284]

STOP POST, PADDING 0
acc: [0.7619047619047619, 0.7428571428571429, 0.7692307692307693, 0.7403846153846154, 0.7596153846153846, 0.7980769230769231, 0.7884615384615384, 0.7884615384615384, 0.7884615384615384, 0.75]
mcc: [0.5126322784957921, 0.4844240566555986, 0.5261522196019802, 0.46580960438851593, 0.5353611587031075, 0.5953456022552764, 0.5631435712304472, 0.5735968512495059, 0.5735968512495059, 0.48787878787878786]
f1: [0.7933884297520661, 0.7652173913043478, 0.8064516129032259, 0.784, 0.7706422018348624, 0.817391304347826, 0.8225806451612903, 0.8103448275862069, 0.8103448275862069, 0.7833333333333333]
gm: [0.7542472332656507, 0.74436152108641, 0.7516460280028288, 0.7188607852882472, 0.7672264096317094, 0.8005679801922451, 0.7738628020286519, 0.7893706737687058, 0.7893706737687058, 0.7428956450228655]

NO STOP PRE, PADDING 0
acc: [0.7428571428571429, 0.7238095238095238, 0.7596153846153846, 0.7788461538461539, 0.7980769230769231, 0.7403846153846154, 0.7980769230769231, 0.7403846153846154, 0.7980769230769231, 0.7692307692307693]
mcc: [0.49507377148833714, 0.4302652729749464, 0.5150762664099506, 0.5484441270101973, 0.6004534958862185, 0.4737860014827989, 0.5852206094918823, 0.4623173950192375, 0.5852206094918823, 0.522384647500808]
f1: [0.7567567567567567, 0.768, 0.782608695652174, 0.8067226890756303, 0.8141592920353983, 0.7692307692307692, 0.8264462809917356, 0.784, 0.8264462809917356, 0.8125]
gm: [0.7483314773547882, 0.7055336829505575, 0.759125277171481, 0.7724054437220943, 0.8029302396204603, 0.7385489458759964, 0.7905694150420949, 0.720900110762212, 0.7905694150420949, 0.7426406610973786]

STOP PRE, PADDING 0
acc: [0.7523809523809524, 0.6857142857142857, 0.7403846153846154, 0.75, 0.8076923076923077, 0.6923076923076923, 0.8461538461538461, 0.7788461538461539, 0.7788461538461539, 0.7788461538461539]
mcc: [0.5060754108547446, 0.364246398192887, 0.4698791280996456, 0.4860667653879533, 0.6545454545454545, 0.3783937343321348, 0.6848484848484848, 0.5675109100769996, 0.5427204202399745, 0.5437811863468687]
f1: [0.7719298245614035, 0.717948717948718, 0.773109243697479, 0.7936507936507936, 0.8076923076923077, 0.7241379310344827, 0.8666666666666667, 0.7927927927927927, 0.816, 0.8130081300813008]
gm: [0.7552286874651746, 0.6831300510639732, 0.7328709379393366, 0.7261590514377233, 0.8174238913695991, 0.6908492797077574, 0.8420753583206845, 0.7852812659593165, 0.7612788283838284, 0.7662383520297141]

p-value (no-stop-signal vs. stop-signal, post-padding, 0 padding): 0.845703125 stats: 25.0 
p-value (no-stop-signal vs. stop-signal, pre-padding, 0 padding): 0.431640625 stats: 19.0 
p-value (no stop post vs pre, 0 padding): 0.7670968684102772 stats: 20.0
p-value ( stop post vs pre, 0 padding): 0.6953125 stats: 23.0
